Number,String,date, Number,Number,Number,Number,Number,Number,Number,Number
438100001,Fahad,2000-03-02,4.4,8,9,8,10,1,36,88
438100002,Mohammed,2000-03-03,4.7,5,7,7,10,1,37,82
438100003,Abdulmohsen,2000-03-04,4.9,10,8,9,9,1,30,83
438100004,Fadley,2000-03-05,4.41,8,9,10,8,1,35,88
438100005,Omar,2000-03-06,4.74,9,6,10,5,g,34,79
438100006,Nasser,2000-03-07,4.12,5,9,10,6,2,36,84
438100007,Hussam,2000-03-08,3.87,7,10,7,9,2,39,91
438100008,Talib,2000-03-09,3.59,8,9,9,6,2,29,81
438100009,Khalid,2000-03-10,4.98,7,8,10,10,2,23,78
438100010,Outaibi,2000-03-11,4.77,9,6,7,9,2,25,66
438100011,Nawaf,2000-03-12,4.68,9,9,6,5,2,26,64
439100001,Abdullah,2000-03-13,4.09,10,10,9,4,2,29,76
439100002,Majed,2000-03-14,4.54,10,9,7,6,2,36,81
439100003,Sultan,2000-03-15,4.4,9,6,6,9,2,29,66
439100004,Salman,2000-03-16,4.2,8,9,5,8,2,26,75
439100005,Mohammed,2000-03-17,3.98,10,8,9,9,2,39,95
439100006,Fawaz,2000-03-18,3.65,5,7,7,10,2,30,75
439100007,Salim,2000-03-19,4.23,7,9,7,8,2,40,90
439100008,Sulaiman,2000-03-20,4.32,6,10,2,6,2,26,67
439100009,hamad,2000-03-21,4.56,9,9,5,10,2,26,74
439100010,ali,2000-03-22,4.89,10,6,7,9,2,36,86
439100011,hazim,2000-03-23,5,10,10,10,10,2,40,100