_id,Name,Birthdate,GPA,Homwork1,Homwork2,Quiz1,Quiz2,Midterm,Final,total
Number,String,date, Number,Number,Number,Number,Number,Number,Number,Number
438100001,Fahad,02/03/2000,4.4,8,9,8,10,17,36,88
438100002,Mohammed,03/03/2000,4.7,5,7,7,10,16,37,82
438100003,Abdulmohsen,04/03/2000,4.9,10,8,9,9,17,30,83
438100004,Fadley,05/03/2000,4.41,8,9,10,8,18,35,88
438100005,Omar,06/03/2000,4.74,9,6,10,5,15,34,79
438100006,Nasser,07/03/2000,4.12,5,9,10,6,18,36,84
438100007,Hussam,08/03/2000,3.87,7,10,7,9,19,39,91
438100008,Talib,09/03/2000,3.59,8,9,9,6,20,29,81
438100009,Khalid,10/03/2000,4.98,7,8,10,10,20,23,78
438100010,Outaibi,11/03/2000,4.77,9,6,7,9,10,25,66
438100011,Nawaf,12/03/2000,4.68,9,9,6,5,9,26,64
439100001,Abdullah,13/03/2000,4.09,10,10,9,4,14,29,76
439100002,Majed,14/03/2000,4.54,10,9,7,6,13,36,81
439100003,Sultan,15/03/2000,4.4,9,6,6,9,7,29,66
439100004,Salman,16/03/2000,4.2,8,9,5,8,19,26,75
439100005,Mohammed,17/03/2000,3.98,10,8,9,9,20,39,95
439100006,Fawaz,18/03/2000,3.65,5,7,7,10,16,30,75
439100007,Salim,19/03/2000,4.23,7,9,7,8,19,40,90
439100008,Sulaiman,20/03/2000,4.32,6,10,2,6,17,26,67
439100009,hamad,21/03/2000,4.56,9,9,5,10,15,26,74
439100010,ali,22/03/2000,4.89,10,6,7,9,18,36,86
439100011,hazim,23/03/2000,5,10,10,10,10,20,40,100